1,673,961,-447,5,5,6,-1206,-2543,17395,6501,T:17610.000N:3112.81528E:12144.79961    
2,681,953,-443,6,5,6,-1210,-2558,17397,6584,T:22411.000N:3112.81529E:12144.79953    
3,665,961,-443,4,4,7,-1236,-2549,17447,6593,T:22411.000N:3112.81529E:12144.79953    
4,689,945,-447,5,5,6,-1243,-2527,17445,6700,T:22411.000N:3112.81529E:12144.79953    
5,689,953,-445,4,5,6,-1239,-2509,17426,6602,T:22411.000N:3112.81529E:12144.79953    
6,673,961,-441,5,5,5,-1233,-2555,17434,6552,T:22411.000N:3112.81529E:12144.79953    
7,673,977,-443,6,4,6,-1211,-2541,17472,6663,T:22411.000N:3112.81529E:12144.79953    
8,657,969,-443,7,4,6,-1222,-2526,17407,6591,T:22411.000N:3112.81529E:12144.79953    
9,689,953,-441,6,5,6,-1214,-2533,17468,6574,T:22411.000N:3112.81529E:12144.79953    
10,681,969,-447,5,4,6,-1221,-2492,17392,6749,T:22411.000N:3112.81529E:12144.79953    
11,681,977,-445,4,4,6,-1226,-2509,17423,6550,T:22411.000N:3112.81529E:12144.79953    
12,689,969,-443,7,4,5,-1243,-2527,17419,6576,T:22412.000N:3112.81562E:12144.79852    
13,681,961,-439,6,5,6,-1238,-2537,17427,6635,T:22412.000N:3112.81562E:12144.79852    
14,681,961,-441,7,4,6,-1203,-2486,17443,6576,T:22412.000N:3112.81562E:12144.79852    
15,681,977,-439,5,5,6,-1234,-2512,17405,6691,T:22412.000N:3112.81562E:12144.79852    
16,697,961,-441,7,5,6,-1227,-2533,17434,6485,T:22412.000N:3112.81562E:12144.79852    
17,689,969,-447,6,5,7,-1231,-2529,17430,6640,T:22412.000N:3112.81562E:12144.79852    
18,689,977,-441,8,5,6,-1243,-2542,17420,6630,T:22412.000N:3112.81562E:12144.79852    
19,689,945,-449,7,5,6,-1230,-2529,17408,6583,T:22412.000N:3112.81562E:12144.79852    
20,681,969,-443,6,4,6,-1242,-2522,17432,6613,T:22412.000N:3112.81562E:12144.79852    
21,665,961,-439,6,4,6,-1218,-2530,17423,6546,T:22412.000N:3112.81562E:12144.79852    
22,697,969,-441,5,4,6,-1208,-2536,17415,6548,T:22413.000N:3112.81574E:12144.79848    
23,673,969,-441,6,5,6,-1201,-2508,17398,6579,T:22413.000N:3112.81574E:12144.79848    
24,681,953,-445,6,5,6,-1238,-2536,17438,6639,T:22413.000N:3112.81574E:12144.79848    
25,705,961,-445,5,5,7,-1249,-2504,17417,6698,T:22413.000N:3112.81574E:12144.79848    
26,681,985,-443,5,5,6,-1223,-2513,17425,6593,T:22413.000N:3112.81574E:12144.79848    
27,697,961,-443,7,5,6,-1208,-2525,17417,6647,T:22413.000N:3112.81574E:12144.79848    
28,681,961,-439,7,4,5,-1234,-2565,17406,6620,T:22413.000N:3112.81574E:12144.79848    
29,673,945,-441,6,5,5,-1242,-2532,17426,6585,T:22413.000N:3112.81574E:12144.79848    
30,681,969,-443,7,5,6,-1248,-2532,17429,6587,T:22413.000N:3112.81574E:12144.79848    
31,689,953,-443,5,4,7,-1228,-2551,17424,6639,T:22413.000N:3112.81574E:12144.79848    
32,681,953,-445,5,5,6,-1212,-2533,17449,6557,T:22414.000N:3112.81564E:12144.79827    
33,689,961,-441,6,4,6,-1238,-2547,17427,6675,T:22414.000N:3112.81564E:12144.79827    
34,689,969,-443,6,6,6,-1226,-2536,17414,6636,T:22414.000N:3112.81564E:12144.79827    
35,689,953,-439,7,4,6,-1239,-2556,17406,6602,T:22414.000N:3112.81564E:12144.79827    
36,681,945,-449,6,3,6,-1237,-2553,17420,6585,T:22414.000N:3112.81564E:12144.79827    
37,689,969,-445,7,5,6,-1226,-2541,17422,6539,T:22414.000N:3112.81564E:12144.79827    
38,689,969,-445,5,5,5,-1228,-2529,17446,6714,T:22414.000N:3112.81564E:12144.79827    
39,665,945,-443,6,5,5,-1238,-2539,17430,6487,T:22414.000N:3112.81564E:12144.79827    
40,673,953,-443,6,4,6,-1212,-2528,17425,6571,T:22414.000N:3112.81564E:12144.79827    
41,673,961,-443,7,4,7,-1247,-2538,17451,6565,T:22414.000N:3112.81564E:12144.79827    
42,665,977,-437,6,5,7,-1225,-2535,17386,6572,T:22415.000N:3112.81558E:12144.79817    
43,673,977,-443,4,5,5,-1235,-2508,17396,6597,T:22415.000N:3112.81558E:12144.79817    
44,681,969,-441,7,4,6,-1242,-2547,17428,6553,T:22415.000N:3112.81558E:12144.79817    
45,681,945,-439,7,5,6,-1184,-2533,17480,6672,T:22415.000N:3112.81558E:12144.79817    
46,681,969,-441,6,4,7,-1240,-2543,17404,6560,T:22415.000N:3112.81558E:12144.79817    
47,673,969,-445,6,4,5,-1202,-2529,17433,6581,T:22415.000N:3112.81558E:12144.79817    
48,657,953,-445,4,5,5,-1199,-2490,17438,6540,T:22415.000N:3112.81558E:12144.79817    
49,689,961,-445,6,5,7,-1229,-2547,17427,6623,T:22415.000N:3112.81558E:12144.79817    
50,673,961,-447,7,4,6,-1245,-2464,17387,6668,T:22415.000N:3112.81558E:12144.79817    
51,705,977,-441,5,5,5,-1218,-2516,17458,6599,T:22415.000N:3112.81558E:12144.79817    
52,681,961,-443,7,5,6,-1222,-2556,17394,6651,T:22416.000N:3112.81553E:12144.79809    
53,673,945,-447,7,5,6,-1209,-2544,17429,6590,T:22416.000N:3112.81553E:12144.79809    
54,705,961,-447,7,6,5,-1227,-2531,17449,6602,T:22416.000N:3112.81553E:12144.79809    
55,681,953,-447,6,5,6,-1191,-2519,17436,6631,T:22416.000N:3112.81553E:12144.79809    
56,681,945,-449,6,5,6,-1231,-2511,17408,6613,T:22416.000N:3112.81553E:12144.79809    
57,689,953,-443,8,5,5,-1232,-2497,17420,6572,T:22416.000N:3112.81553E:12144.79809    
58,665,961,-443,5,4,6,-1245,-2533,17444,6627,T:22416.000N:3112.81553E:12144.79809    
59,681,953,-445,6,5,5,-1236,-2543,17439,6671,T:22416.000N:3112.81553E:12144.79809    
60,681,969,-437,6,5,6,-1192,-2513,17415,6610,T:22416.000N:3112.81553E:12144.79809    
61,689,969,-451,6,5,7,-1253,-2529,17437,6611,T:22416.000N:3112.81553E:12144.79809    
62,705,969,-445,7,3,6,-1213,-2509,17439,6635,T:22417.000N:3112.81533E:12144.79936    
63,673,961,-439,6,6,6,-1237,-2550,17437,6568,T:22417.000N:3112.81533E:12144.79936    
64,657,969,-443,5,5,7,-1224,-2523,17432,6599,T:22417.000N:3112.81533E:12144.79936    
65,673,961,-441,5,6,7,-1226,-2533,17397,6604,T:22417.000N:3112.81533E:12144.79936    
66,673,961,-447,5,5,5,-1229,-2527,17436,6587,T:22417.000N:3112.81533E:12144.79936    
67,697,969,-443,5,5,4,-1241,-2512,17454,6672,T:22417.000N:3112.81533E:12144.79936    
68,689,969,-447,6,4,5,-1213,-2519,17417,6552,T:22417.000N:3112.81533E:12144.79936    
69,681,969,-447,7,5,6,-1225,-2543,17441,6582,T:22417.000N:3112.81533E:12144.79936    
70,681,961,-441,5,4,7,-1205,-2543,17444,6626,T:22417.000N:3112.81533E:12144.79936    
71,689,953,-441,7,6,7,-1219,-2562,17445,6655,T:22417.000N:3112.81533E:12144.79936    
72,681,961,-441,6,7,6,-1230,-2541,17420,6571,T:22418.000N:3112.81493E:12144.79946    
73,673,961,-443,7,4,6,-1217,-2501,17401,6623,T:22418.000N:3112.81493E:12144.79946    
74,681,961,-445,6,5,5,-1222,-2539,17455,6610,T:22418.000N:3112.81493E:12144.79946    
75,689,977,-439,5,5,6,-1240,-2546,17430,6650,T:22418.000N:3112.81493E:12144.79946    
76,681,945,-437,7,3,5,-1216,-2542,17452,6661,T:22418.000N:3112.81493E:12144.79946    
77,689,953,-443,5,5,6,-1220,-2520,17389,6585,T:22418.000N:3112.81493E:12144.79946    
78,681,969,-439,4,4,6,-1226,-2522,17425,6546,T:22418.000N:3112.81493E:12144.79946    
79,697,969,-445,8,4,6,-1221,-2535,17431,6536,T:22418.000N:3112.81493E:12144.79946    
80,673,953,-443,5,5,7,-1214,-2526,17418,6549,T:22418.000N:3112.81493E:12144.79946    
81,689,969,-441,6,3,6,-1208,-2542,17407,6611,T:22418.000N:3112.81493E:12144.79946    
82,681,953,-443,7,6,5,-1211,-2509,17410,6622,T:22419.000N:3112.81459E:12144.79920    
83,673,969,-439,7,6,6,-1223,-2503,17439,6567,T:22419.000N:3112.81459E:12144.79920    
84,697,953,-445,7,6,6,-1227,-2516,17423,6562,T:22419.000N:3112.81459E:12144.79920    
85,689,961,-449,6,5,5,-1243,-2508,17444,6648,T:22419.000N:3112.81459E:12144.79920    
86,697,969,-447,7,4,7,-1223,-2516,17476,6572,T:22419.000N:3112.81459E:12144.79920    
87,689,969,-439,5,5,5,-1239,-2537,17409,6624,T:22419.000N:3112.81459E:12144.79920    
88,681,961,-439,6,4,6,-1221,-2505,17441,6639,T:22419.000N:3112.81459E:12144.79920    
89,681,969,-445,6,5,6,-1204,-2520,17381,6475,T:22419.000N:3112.81459E:12144.79920    
90,681,969,-441,6,4,6,-1234,-2534,17434,6611,T:22419.000N:3112.81459E:12144.79920    
91,697,977,-445,7,4,7,-1221,-2520,17411,6556,T:22419.000N:3112.81459E:12144.79920    
92,665,977,-441,7,4,5,-1213,-2539,17434,6521,T:22420.000N:3112.81459E:12144.79916    
93,681,953,-445,7,6,6,-1259,-2585,17423,6528,T:22420.000N:3112.81459E:12144.79916    
94,689,961,-447,6,5,6,-1222,-2515,17398,6474,T:22420.000N:3112.81459E:12144.79916    
95,697,985,-449,6,5,6,-1218,-2555,17420,6634,T:22420.000N:3112.81459E:12144.79916    
96,689,977,-445,5,4,5,-1195,-2531,17414,6552,T:22420.000N:3112.81459E:12144.79916    
97,665,969,-449,5,4,6,-1239,-2544,17439,6646,T:22420.000N:3112.81459E:12144.79916    
98,673,969,-441,7,5,6,-1257,-2538,17402,6721,T:22420.000N:3112.81459E:12144.79916    
99,705,977,-437,6,5,7,-1225,-2502,17422,6622,T:22420.000N:3112.81459E:12144.79916    
100,681,969,-441,6,4,7,-1205,-2523,17426,6617,T:22420.000N:3112.81459E:12144.79916    
101,681,961,-445,7,6,5,-1237,-2529,17450,6575,T:22420.000N:3112.81459E:12144.79916    
102,673,945,-447,7,5,5,-1208,-2504,17439,6662,T:22421.000N:3112.81458E:12144.79914    
103,681,969,-435,6,5,6,-1213,-2535,17448,6593,T:22421.000N:3112.81458E:12144.79914    
104,689,969,-445,6,5,5,-1223,-2517,17413,6583,T:22421.000N:3112.81458E:12144.79914    
105,697,945,-441,7,5,6,-1214,-2523,17441,6591,T:22421.000N:3112.81458E:12144.79914    
106,673,977,-439,5,4,7,-1212,-2520,17448,6485,T:22421.000N:3112.81458E:12144.79914    
107,673,961,-445,7,3,6,-1240,-2524,17418,6644,T:22421.000N:3112.81458E:12144.79914    
108,689,969,-449,6,4,8,-1214,-2525,17430,6584,T:22421.000N:3112.81458E:12144.79914    
109,681,969,-447,5,5,6,-1216,-2528,17408,6567,T:22421.000N:3112.81458E:12144.79914    
110,681,977,-437,6,5,6,-1246,-2555,17416,6629,T:22421.000N:3112.81458E:12144.79914    
111,681,961,-447,7,3,6,-1264,-2530,17440,6546,T:22421.000N:3112.81458E:12144.79914    
112,689,961,-447,6,5,6,-1224,-2531,17445,6534,T:22422.000N:3112.81453E:12144.79906    
113,673,969,-443,7,5,6,-1215,-2524,17429,6592,T:22422.000N:3112.81453E:12144.79906    
114,689,969,-437,6,5,6,-1221,-2531,17448,6566,T:22422.000N:3112.81453E:12144.79906    
115,689,961,-439,6,6,5,-1235,-2531,17405,6642,T:22422.000N:3112.81453E:12144.79906    
116,681,969,-441,7,5,5,-1207,-2537,17416,6582,T:22422.000N:3112.81453E:12144.79906    
117,697,969,-445,7,5,6,-1203,-2500,17456,6614,T:22422.000N:3112.81453E:12144.79906    
118,673,953,-443,5,4,7,-1248,-2531,17393,6584,T:22422.000N:3112.81453E:12144.79906    
119,673,961,-445,6,5,5,-1214,-2531,17406,6565,T:22422.000N:3112.81453E:12144.79906    
120,673,953,-441,7,5,7,-1227,-2504,17430,6602,T:22422.000N:3112.81453E:12144.79906    
121,689,969,-447,7,4,7,-1251,-2526,17464,6558,T:22422.000N:3112.81453E:12144.79906    
122,681,961,-441,5,5,6,-1243,-2499,17408,6586,T:22423.000N:3112.81448E:12144.79903    
123,681,953,-443,5,4,5,-1268,-2529,17442,6505,T:22423.000N:3112.81448E:12144.79903    
124,697,985,-449,6,5,5,-1258,-2545,17422,6613,T:22423.000N:3112.81448E:12144.79903    
125,689,969,-445,6,4,6,-1206,-2518,17413,6676,T:22423.000N:3112.81448E:12144.79903    
126,681,977,-441,5,6,6,-1220,-2527,17404,6580,T:22423.000N:3112.81448E:12144.79903    
127,689,985,-441,6,4,6,-1239,-2555,17428,6551,T:22423.000N:3112.81448E:12144.79903    
128,665,977,-441,7,4,6,-1201,-2515,17456,6631,T:22423.000N:3112.81448E:12144.79903    
129,673,945,-441,7,5,6,-1219,-2537,17457,6693,T:22423.000N:3112.81448E:12144.79903    
130,665,961,-441,7,4,6,-1234,-2526,17464,6464,T:22423.000N:3112.81448E:12144.79903    
131,689,985,-437,7,5,6,-1218,-2532,17394,6535,T:22423.000N:3112.81448E:12144.79903    
132,697,961,-441,6,5,5,-1206,-2525,17452,6573,T:22424.000N:3112.81441E:12144.79887    
133,697,969,-447,7,5,6,-1232,-2541,17440,6582,T:22424.000N:3112.81441E:12144.79887    
134,681,961,-443,5,5,7,-1266,-2532,17422,6602,T:22424.000N:3112.81441E:12144.79887    
135,681,961,-439,6,4,6,-1253,-2540,17391,6603,T:22424.000N:3112.81441E:12144.79887    
136,681,969,-445,7,5,5,-1229,-2520,17417,6687,T:22424.000N:3112.81441E:12144.79887    
137,673,977,-441,7,4,7,-1237,-2490,17437,6706,T:22424.000N:3112.81441E:12144.79887    
138,673,953,-443,5,5,6,-1237,-2512,17414,6616,T:22424.000N:3112.81441E:12144.79887    
139,673,953,-445,7,4,8,-1228,-2526,17380,6536,T:22424.000N:3112.81441E:12144.79887    
140,681,945,-445,7,6,6,-1219,-2509,17419,6496,T:22424.000N:3112.81441E:12144.79887    
141,689,945,-445,6,5,6,-1216,-2526,17418,6561,T:22424.000N:3112.81441E:12144.79887    
142,697,953,-439,6,5,5,-1222,-2532,17462,6561,T:22425.000N:3112.81434E:12144.79875    
143,681,953,-447,5,5,6,-1205,-2537,17407,6611,T:22425.000N:3112.81434E:12144.79875    
144,697,961,-443,7,5,6,-1226,-2541,17405,6666,T:22425.000N:3112.81434E:12144.79875    
145,681,977,-441,4,5,5,-1219,-2524,17432,6577,T:22425.000N:3112.81434E:12144.79875    
146,673,961,-441,7,5,6,-1230,-2504,17430,6580,T:22425.000N:3112.81434E:12144.79875    
147,681,961,-445,6,4,7,-1239,-2525,17413,6569,T:22425.000N:3112.81434E:12144.79875    
148,689,977,-445,5,4,7,-1246,-2584,17410,6641,T:22425.000N:3112.81434E:12144.79875    
149,697,985,-441,7,4,6,-1198,-2545,17423,6654,T:22425.000N:3112.81434E:12144.79875    
150,681,969,-449,6,5,6,-1219,-2522,17436,6583,T:22425.000N:3112.81434E:12144.79875    
151,673,961,-445,7,4,7,-1208,-2547,17395,6638,T:22425.000N:3112.81434E:12144.79875    
152,665,953,-447,5,4,5,-1222,-2524,17412,6592,T:22426.000N:3112.81418E:12144.79833    
153,673,961,-443,5,6,6,-1218,-2523,17414,6569,T:22426.000N:3112.81418E:12144.79833    
154,673,969,-449,6,5,5,-1229,-2557,17448,6551,T:22426.000N:3112.81418E:12144.79833    
155,689,961,-447,6,4,7,-1186,-2521,17420,6585,T:22426.000N:3112.81418E:12144.79833    
156,681,953,-443,6,5,6,-1218,-2497,17424,6602,T:22426.000N:3112.81418E:12144.79833    
157,689,969,-439,5,4,6,-1209,-2539,17392,6626,T:22426.000N:3112.81418E:12144.79833    
158,697,969,-445,5,5,5,-1192,-2535,17409,6555,T:22426.000N:3112.81418E:12144.79833    
159,697,977,-441,5,4,5,-1210,-2563,17421,6658,T:22426.000N:3112.81418E:12144.79833    
160,673,969,-441,5,5,7,-1231,-2540,17438,6585,T:22426.000N:3112.81418E:12144.79833    
161,681,945,-443,7,6,6,-1214,-2526,17411,6560,T:22426.000N:3112.81418E:12144.79833    
162,697,969,-441,5,4,5,-1202,-2552,17430,6674,T:22427.000N:3112.81408E:12144.79823    
163,689,953,-439,6,4,5,-1191,-2547,17393,6600,T:22427.000N:3112.81408E:12144.79823    
164,681,969,-445,6,5,5,-1234,-2528,17404,6532,T:22427.000N:3112.81408E:12144.79823    
165,689,961,-443,7,4,5,-1238,-2541,17448,6625,T:22427.000N:3112.81408E:12144.79823    
166,689,969,-445,7,5,6,-1248,-2530,17420,6575,T:22427.000N:3112.81408E:12144.79823    
167,697,961,-443,5,5,7,-1190,-2511,17396,6649,T:22427.000N:3112.81408E:12144.79823    
168,689,969,-443,6,6,6,-1228,-2547,17367,6628,T:22427.000N:3112.81408E:12144.79823    
169,697,977,-447,6,5,6,-1233,-2543,17437,6740,T:22427.000N:3112.81408E:12144.79823    
170,681,961,-441,7,5,6,-1216,-2517,17392,6606,T:22427.000N:3112.81408E:12144.79823    
171,681,969,-443,6,5,6,-1237,-2529,17455,6605,T:22427.000N:3112.81408E:12144.79823    
172,681,969,-445,8,5,6,-1207,-2559,17443,6628,T:22428.000N:3112.81407E:12144.79818    
173,665,945,-447,5,4,7,-1227,-2526,17428,6509,T:22428.000N:3112.81407E:12144.79818    
174,673,969,-441,4,5,5,-1220,-2550,17427,6511,T:22428.000N:3112.81407E:12144.79818    
175,705,969,-447,6,4,6,-1228,-2499,17413,6653,T:22428.000N:3112.81407E:12144.79818    
176,681,977,-445,5,5,6,-1229,-2516,17403,6539,T:22428.000N:3112.81407E:12144.79818    
177,681,953,-443,6,4,7,-1226,-2532,17410,6636,T:22428.000N:3112.81407E:12144.79818    
178,697,969,-441,7,5,6,-1249,-2543,17407,6492,T:22428.000N:3112.81407E:12144.79818    
179,689,977,-447,6,4,6,-1244,-2527,17441,6492,T:22428.000N:3112.81407E:12144.79818    
180,681,961,-443,7,6,6,-1219,-2529,17441,6546,T:22428.000N:3112.81407E:12144.79818    
181,689,969,-437,6,5,7,-1203,-2503,17398,6565,T:22428.000N:3112.81407E:12144.79818    
182,697,969,-447,5,5,7,-1235,-2539,17442,6491,T:22429.000N:3112.81403E:12144.79812    
183,689,969,-443,6,4,8,-1217,-2514,17414,6633,T:22429.000N:3112.81403E:12144.79812    
184,681,961,-447,5,5,7,-1228,-2566,17434,6539,T:22429.000N:3112.81403E:12144.79812    
185,665,985,-447,7,4,6,-1246,-2518,17451,6580,T:22429.000N:3112.81403E:12144.79812    
186,673,945,-443,5,5,5,-1216,-2520,17449,6625,T:22429.000N:3112.81403E:12144.79812    
187,681,969,-441,5,3,5,-1223,-2542,17399,6671,T:22429.000N:3112.81403E:12144.79812    
188,673,969,-443,6,5,7,-1212,-2553,17430,6563,T:22429.000N:3112.81403E:12144.79812    
189,689,969,-445,6,5,6,-1207,-2527,17410,6652,T:22429.000N:3112.81403E:12144.79812    
190,681,961,-443,7,4,6,-1202,-2523,17412,6471,T:22429.000N:3112.81403E:12144.79812    
191,681,945,-447,6,5,6,-1238,-2554,17394,6599,T:22429.000N:3112.81403E:12144.79812    
192,673,961,-445,4,5,7,-1217,-2547,17429,6515,T:22430.000N:3112.81401E:12144.79804    
193,673,945,-445,6,5,5,-1220,-2497,17432,6624,T:22430.000N:3112.81401E:12144.79804    
194,681,969,-445,4,4,6,-1245,-2527,17409,6433,T:22430.000N:3112.81401E:12144.79804    
195,697,969,-439,5,4,6,-1195,-2532,17466,6620,T:22430.000N:3112.81401E:12144.79804    
196,665,969,-443,6,4,7,-1217,-2528,17431,6592,T:22430.000N:3112.81401E:12144.79804    
197,673,969,-443,7,4,6,-1206,-2518,17430,6421,T:22430.000N:3112.81401E:12144.79804    
198,689,961,-449,4,5,6,-1229,-2530,17474,6555,T:22430.000N:3112.81401E:12144.79804    
199,705,953,-445,5,6,6,-1253,-2541,17426,6568,T:22430.000N:3112.81401E:12144.79804    
200,689,953,-441,6,5,5,-1223,-2549,17427,6541,T:22430.000N:3112.81401E:12144.79804    
201,689,953,-441,5,5,5,-1225,-2509,17392,6536,T:22430.000N:3112.81401E:12144.79804    
